-1.499974121093750057e+00 -2.385416733932665883e-15
-1.499974121093750057e+00 -1.120000000000000107e+00
-5.499741821289062527e-01 -1.140443729036322320e-14
-2.499974121093750057e+00 2.696480885799879069e-14
-3.599974121093750146e+00 3.888984620448177414e-15
-3.199974121093749790e+00 7.500000000000000000e-01
-3.199974121093749790e+00 -7.500000000000000000e-01
1.498952270507812434e+00 1.120000000000000107e+00
1.498952270507812434e+00 1.372966497437122562e-14
1.498952270507812434e+00 -1.120000000000000107e+00
5.489523315429687411e-01 -7.931386450388266623e-15
2.498952392578125181e+00 6.585581038831556409e-15
3.598952392578124826e+00 -3.088455532984646433e-14
3.198952392578124915e+00 7.500000000000000000e-01
3.198952392578124915e+00 -7.500000000000000000e-01
